24   1   0.01   0   0.0   0.01
25   1   0.01   0   0.0   0.01
26   4   0.04   0   0.0   0.04
27   4   0.04   0   0.0   0.04
28   5   0.05   0   0.0   0.05
29   8   0.08   0   0.0   0.08
30   11   0.11   0   0.0   0.11
31   13   0.13   0   0.0   0.13
32   19   0.19   0   0.0   0.19
33   22   0.22   0   0.0   0.22
34   28   0.29   0   0.0   0.29
35   39   0.39   0   0.0   0.39
36   43   0.43   0   0.0   0.43
37   46   0.46   0   0.0   0.46
70   101   1.01   91   0.91   0.09999999999999998
71   101   1.01   92   0.92   0.08999999999999997
72   101   1.01   94   0.94   0.07000000000000006
73   101   1.01   96   0.96   0.050000000000000044
74   101   1.01   97   0.97   0.040000000000000036
75   101   1.01   98   0.98   0.030000000000000027
76   101   1.01   98   0.98   0.030000000000000027
77   101   1.01   98   0.98   0.030000000000000027
78   101   1.01   98   0.98   0.030000000000000027
79   101   1.01   98   0.98   0.030000000000000027
80   101   1.01   99   0.99   0.020000000000000018
81   101   1.01   100   1.0   0.010000000000000009